image_width: 1920
image_height: 1080
camera_name: camera
camera_matrix:
  rows: 3
  cols: 3
  data: [1400.9049 ,    0.     ,  982.7696 ,
            0.     , 1402.12046,  563.7104 ,
            0.     ,    0.     ,    1.     ]
distortion_model: plumb_bob
distortion_coefficients:
  rows: 1
  cols: 5
  data: [-0.451713, 0.234274, 0.005210, -0.005151, 0.000000]
rectification_matrix:
  rows: 3
  cols: 3
  data: [1., 0., 0.,
         0., 1., 0.,
         0., 0., 1.]
projection_matrix:
  rows: 3
  cols: 4
  data: [1111.58093,    0.     ,  967.62395,    0.     ,
            0.     , 1299.78149,  571.30952,    0.     ,
            0.     ,    0.     ,    1.     ,    0.     ]